
mse: [0.00054932 0.0003891  0.00030899]
pmse: [5.034729   8.06777191 8.08526993]
snr: [-6.81241237  0.40617851  4.71726223]
psnr: [32.6017743  34.0993975  35.10054903]
max diff: 255

ADAPTIVE

po:

mse: [0.00087357 0.00066376 0.00072098]
pmse: [3.68349075 3.94011688 4.22826004]
snr: [-8.82714228 -1.91331226  1.03749438]
psnr: [30.5870444  31.77990674 31.42078118]
max diff: 255

MIN

po:

mse: [0.00022125 0.00084305 0.00019455]
pmse: [32.683815   35.28697586 33.83515549]
snr: [-2.86306739 -2.95174251  6.72641066]
psnr: [36.55111928 30.74147648 37.10969746]
max diff: 255

MAX

po:

mse: [0.00073624 0.00067902 0.00025558]
pmse: [35.87573624 36.81317902 35.12037277]
snr: [-8.08436054 -2.0120198   5.54136439]
psnr: [31.32982613 31.6811992  35.92465119]
max diff: 255


lenac_impulse3

cmean: 128.13266372680664

cvariance: 4071.120905635476

cstdev: 63.80533602791757

cvarcoi: 0.49796308116998

casyco: 0.15564221158853664

cflattening: -0.8325633921722466

cvarcoii: 0.005378348940414272

_________________________________

lena_impulse3

cmean: 123.90336990356445

cvariance: 3505.205922176465

cstdev: 59.2047795551716

cvarcoi: 0.477830260801231

casyco: 0.018762916112075482

cflattening: -0.2850509572872899

cvarcoii: 0.008976939192507416

_________________________________

lenac

cmean: 128.21566009521484

cvariance: 3471.7889373989506

cstdev: 58.92188844053584

cvarcoi: 0.4595529781368327

casyco: 0.221022158633544

cflattening: -0.8941058562905777

cvarcoii: 0.005084375365792463

_________________________________

lena

cmean: 123.62398147583008

cvariance: 2298.5568255541

cstdev: 47.94326673844931

cvarcoi: 0.38781526178092535

casyco: -0.08594207073232477

cflattening: -0.8415990575549803

cvarcoii: 0.00628010809305124