
mse: [0.00054932 0.0003891  0.00030899]
pmse: [5.034729   8.06777191 8.08526993]
snr: [-6.81241237  0.40617851  4.71726223]
psnr: [32.6017743  34.0993975  35.10054903]
max diff: 255

ADAPTIVE

po:

mse: [0.00087357 0.00066376 0.00072098]
pmse: [3.68349075 3.94011688 4.22826004]
snr: [-8.82714228 -1.91331226  1.03749438]
psnr: [30.5870444  31.77990674 31.42078118]
max diff: 255

MIN

po:

mse: [0.00022125 0.00084305 0.00019455]
pmse: [32.683815   35.28697586 33.83515549]
snr: [-2.86306739 -2.95174251  6.72641066]
psnr: [36.55111928 30.74147648 37.10969746]
max diff: 255

MAX

po:

mse: [0.00073624 0.00067902 0.00025558]
pmse: [35.87573624 36.81317902 35.12037277]
snr: [-8.08436054 -2.0120198   5.54136439]
psnr: [31.32982613 31.6811992  35.92465119]
max diff: 255


